1101100111111111
0000100110010000
1101101000110000
0000101010101001
1101101100000000
1101110000000000
1100110110101101
1100111010101110
1100111110101111
0011001011011111
0000101110100010
0000101110110010
0100001011101111
0001110010110010
0001110011000010
1101000100000000
1101001000000000
1101001100000000
1101010000000000
1101010100000000
1101011000000000
0011011100111111
0000011101110101
0000011101111010
1100000101110000
0011011101011110
0000011101110100
0000011101111011
1100001001110000
0011001000010010
0000011001100010
0010010101010001
0101010111110000
1000111111110100
0011011100111110
0000011101110100
0000011101111100
1110011001110000
0010010001000001
0101010011100000
1000111111101011
0010001100110001
0101001111010000
1000111111100111
1111000000000000
0000000000000100
0000000000000100
0000000000000100
0000000000010100
0000000000101000
0000000000111100
0000000001010000
1111111111110110
1111111111110110
0000000000000000
0000000000110111
1111111111101001
1111111110010110
0000000000011010
0000000000000111
1111111110001111
0000000001101101
0000000011100010
0000000000001000
0000000001101010
0000000000110100
0000000000110001
1111111111011101
0000000010001100
1111111111100110
1111111111111101
0000000000000000
0000000000001000
0000000000000101
0000000000011101
0000000000001011
0000000000001101
0000000000110111
1111111111111100
0000000010000110